47 45 71
47 73 74
65 74 72
32 30 75
32 77 76
49 31 76
49 79 78
30 46 72
76 77 80
81 78 79
77 75 82
80 82 83
72 74 73
71 85 84
75 72 84
82 84 85
18 88 86
15 54 89
43 15 87
58 90 88
11 86 89
90 58 61
86 88 93
86 94 95
87 89 95
93 88 90
16 43 91
61 59 99
91 95 100
92 99 98
93 98 97
95 94 97
37 16 96
37 105 71
60 48 78
59 60 101
85 71 105
101 78 81
102 81 83
83 85 104
96 100 104
103 97 98
100 97 103
102 98 99
42 20 14
13 44 42
3 47 2
22 23 6
4 67 50
38 67 17
20 66 38
44 9 20
19 40 44
53 8 5
36 7 56
14 56 52
42 52 57
13 57 51
39 59 12
48 39 34
61 10 41
59 41 12
23 21 6
24 62 21
33 63 34
23 27 24
24 28 31
24 49 63
48 63 49
65 2 47
46 64 65
66 45 67
9 37 66
40 16 9
1 43 40
3 67 45
58 68 10
15 55 54
18 69 68
13 70 19
55 19 70
25 23 46
25 30 29
32 29 30
31 35 32
5 17 4
8 38 17
14 38 36
7 39 56
52 39 12
12 57 52
10 57 41
68 51 10
70 69 55
54 69 11
7 33 34
47 71 73
47 74 65
65 72 46
32 75 77
32 76 31
49 76 79
49 78 48
30 72 75
76 80 79
81 79 80
77 82 80
80 83 81
72 73 84
71 84 73
75 84 82
82 85 83
18 86 11
15 89 87
43 87 91
58 88 18
11 89 54
90 61 92
86 93 94
86 95 89
87 95 91
93 90 92
16 91 96
61 99 92
91 100 96
92 98 93
93 97 94
95 97 100
37 96 105
37 71 45
60 78 101
59 101 99
85 105 104
101 81 102
102 83 103
83 104 103
96 104 105
103 98 102
100 103 104
102 99 101
42 44 20
13 19 44
3 45 47
22 46 23
4 17 67
38 66 67
20 9 66
44 40 9
19 1 40
53 7 8
36 8 7
14 36 56
42 14 52
13 42 57
39 60 59
48 60 39
61 58 10
59 61 41
23 24 21
24 63 62
33 62 63
23 26 27
24 27 28
24 31 49
48 34 63
65 64 2
46 22 64
66 37 45
9 16 37
40 43 16
1 15 43
3 50 67
58 18 68
15 1 55
18 11 69
13 51 70
55 1 19
25 26 23
25 46 30
32 35 29
31 28 35
5 8 17
8 36 38
14 20 38
7 34 39
52 56 39
12 41 57
10 51 57
68 70 51
70 68 69
54 55 69
7 53 33
146 113 169
113 168 172
142 170 172
150 174 173
150 162 175
162 165 176
165 166 177
142 149 173
178 174 175
176 177 179
180 173 174
178 179 181
182 169 172
171 169 182
180 181 183
182 170 173
156 187 185
155 164 188
147 184 188
151 185 190
185 187 193
187 186 192
184 189 191
186 188 191
144 189 184
144 143 194
197 153 160
189 194 198
190 193 196
192 191 198
193 192 195
143 145 203
145 146 171
153 197 199
158 199 177
203 171 183
179 177 199
179 200 201
181 201 202
194 203 202
196 195 201
195 198 202
197 196 200
155 186 187
146 169 171
113 172 169
142 172 168
150 173 149
150 175 174
162 176 175
165 177 176
142 173 170
178 175 176
176 179 178
180 174 178
178 181 180
182 172 170
171 182 183
180 183 182
182 173 180
156 185 151
155 188 186
147 188 164
151 190 160
185 193 190
187 192 193
184 191 188
186 191 192
144 184 147
144 194 189
197 160 190
189 198 191
190 196 197
192 198 195
193 195 196
143 203 194
145 171 203
153 199 158
158 177 166
203 183 202
179 199 200
179 201 181
181 202 183
194 202 198
196 201 200
195 202 201
197 200 199
155 187 156
114 136 111
134 121 128
134 111 133
119 142 115
107 149 119
106 156 151
157 148 135
133 153 158
121 158 166
140 163 159
139 159 161
106 160 136
153 136 160
124 150 107
157 110 132
163 132 138
159 138 141
112 159 141
167 113 109
115 168 167
205 128 121
205 116 208
205 117 130
121 206 205
209 118 131
165 207 209
206 131 117
166 209 206
211 148 140
137 210 211
213 140 139
210 135 148
114 212 210
214 134 128
212 215 135
152 135 215
217 154 108
217 152 216
220 146 145
132 218 220
219 145 143
138 220 219
221 143 144
141 219 221
147 221 144
112 221 223
223 161 112
147 224 223
224 139 161
164 225 224
226 108 222
226 110 217
123 225 155
123 139 225
215 216 152
227 214 120
122 216 227
122 127 124
120 127 227
129 204 120
109 226 222
113 218 226
120 128 208
129 208 116
211 228 137
106 137 228
228 123 106
125 126 229
126 118 207
127 229 150
162 150 229
114 137 136
134 133 121
134 114 111
119 149 142
107 150 149
106 123 156
157 163 148
133 111 153
121 133 158
140 148 163
139 140 159
106 151 160
153 111 136
124 127 150
157 152 110
163 157 132
159 163 138
112 161 159
167 168 113
115 142 168
205 208 128
205 130 116
205 206 117
121 166 206
209 207 118
165 162 207
206 209 131
166 165 209
211 210 148
137 114 210
213 211 140
210 212 135
114 134 212
214 212 134
212 214 215
152 157 135
217 216 154
217 110 152
220 218 146
132 110 218
219 220 145
138 132 220
221 219 143
141 138 219
147 223 221
112 141 221
223 224 161
147 164 224
224 225 139
164 155 225
226 217 108
226 218 110
123 155 156
123 213 139
215 227 216
227 215 214
122 154 216
122 227 127
120 204 127
129 125 204
109 113 226
113 146 218
120 214 128
129 120 208
211 213 228
106 136 137
228 213 123
125 229 204
126 207 229
127 204 229
162 229 207
341 237 342
232 237 235
241 234 232
237 346 342
234 247 237
230 243 239
235 340 245
232 245 244
241 244 246
247 343 346
233 247 230
233 239 242
250 243 241
252 239 243
250 246 253
248 242 239
248 254 251
250 258 252
252 255 248
261 231 238
335 238 334
262 249 240
231 262 240
270 355 356
270 264 269
266 272 264
280 343 236
278 236 233
279 233 242
251 279 242
271 289 282
269 283 285
355 285 336
286 282 289
275 286 288
263 287 272
283 272 287
284 348 268
289 268 274
286 274 277
265 286 277
254 281 251
259 287 378
283 262 260
260 285 283
336 261 335
316 306 315
317 308 306
308 320 307
307 321 319
298 319 323
316 326 327
327 331 330
319 336 335
335 323 319
361 312 359
320 361 360
321 360 362
336 362 364
363 356 355
355 364 363
366 359 312
367 352 368
369 368 352
349 370 366
356 366 370
372 271 282
266 371 372
373 282 276
273 372 373
270 370 371
263 374 378
375 276 275
378 376 259
259 256 249
376 257 256
379 351 280
268 380 379
381 280 278
274 379 381
382 278 279
277 381 382
281 382 279
265 382 383
265 385 288
383 291 385
385 275 288
291 384 385
387 348 367
245 334 238
244 238 231
231 246 244
249 246 240
256 253 249
258 257 255
254 257 377
377 291 254
377 374 290
267 290 374
267 275 384
331 351 330
330 380 387
388 267 263
373 388 273
273 263 272
271 352 284
369 371 370
361 310 311
360 311 299
362 299 313
364 313 332
363 354 365
363 332 358
365 357 366
357 310 359
301 297 315
301 306 305
308 305 306
307 314 308
297 303 298
298 304 307
300 316 296
292 317 300
309 318 292
296 327 325
328 327 330
312 309 350
367 353 347
350 368 349
387 347 386
328 387 386
295 297 293
297 294 293
298 322 294
315 324 326
326 329 331
333 323 334
339 342 338
338 346 344
345 341 339
337 346 343
337 331 329
333 340 345
341 235 237
232 234 237
241 243 234
237 247 346
234 230 247
230 234 243
235 341 340
232 235 245
241 232 244
247 236 343
233 236 247
233 230 239
250 252 243
252 248 239
250 241 246
248 251 242
248 255 254
250 253 258
252 258 255
261 260 231
335 261 238
262 259 249
231 260 262
270 269 355
270 266 264
266 273 272
280 351 343
278 280 236
279 278 233
251 281 279
271 284 289
269 264 283
355 269 285
286 276 282
275 276 286
263 378 287
283 264 272
284 352 348
289 284 268
286 289 274
265 288 286
254 291 281
259 262 287
283 287 262
260 261 285
336 285 261
316 317 306
317 318 308
308 318 320
307 320 321
298 307 319
316 315 326
327 326 331
319 321 336
335 334 323
361 318 312
320 318 361
321 320 360
336 321 362
363 365 356
355 336 364
366 312 349
367 348 352
369 349 368
349 369 370
356 365 366
372 371 271
266 270 371
373 372 282
273 266 372
270 356 370
263 267 374
375 373 276
378 374 376
259 376 256
376 377 257
379 380 351
268 348 380
381 379 280
274 268 379
382 381 278
277 274 381
281 383 382
265 277 382
265 383 385
383 281 291
385 384 275
291 290 384
387 380 348
245 340 334
244 245 238
231 240 246
249 253 246
256 258 253
258 256 257
254 255 257
377 290 291
377 376 374
267 384 290
267 375 275
331 343 351
330 351 380
388 375 267
373 375 388
273 388 263
271 369 352
369 271 371
361 359 310
360 361 311
362 360 299
364 362 313
363 358 354
363 364 332
365 354 357
357 359 366
301 302 297
301 315 306
308 314 305
307 304 314
297 302 303
298 303 304
300 317 316
292 318 317
309 312 318
296 316 327
328 325 327
312 350 349
367 368 353
350 353 368
387 367 347
328 330 387
295 315 297
297 298 294
298 323 322
315 295 324
326 324 329
333 322 323
339 341 342
338 342 346
345 340 341
337 344 346
337 343 331
333 334 340
